  001    UU        10000.0000000        10000.0000000       0.0        0.00
  002    UU        10000.0000000        20000.0000000       0.0        0.00
  003    UU        10000.0000000        30000.0000000       0.0        0.00
  004    UU        10000.0000000        40000.0000000       0.0        0.00
  005    UU        10000.0000000        50000.0000000       0.0        0.00
  006    UU        10000.0000000        60000.0000000       0.0        0.00
  007    UU        10000.0000000        70000.0000000       0.0        0.00
  008    UU        10000.0000000        80000.0000000       0.0        0.00
  009    UU        10000.0000000        90000.0000000       0.0        0.00
  010    UU        20000.0000000        10000.0000000       0.0        0.00
  011    UU        20000.0000000        20000.0000000       0.0        0.00
  012    UU        20000.0000000        30000.0000000       0.0        0.00
  013    UU        20000.0000000        40000.0000000       0.0        0.00
  014    UU        20000.0000000        50000.0000000       0.0        0.00
  015    UU        20000.0000000        60000.0000000       0.0        0.00
  016    UU        20000.0000000        70000.0000000       0.0        0.00
  017    UU        20000.0000000        80000.0000000       0.0        0.00
  018    UU        20000.0000000        90000.0000000       0.0        0.00
  019    UU        30000.0000000        10000.0000000       0.0        0.00
  020    UU        30000.0000000        20000.0000000       0.0        0.00
  021    UU        30000.0000000        30000.0000000       0.0        0.00
  022    UU        30000.0000000        40000.0000000       0.0        0.00
  023    UU        30000.0000000        50000.0000000       0.0        0.00
  024    UU        30000.0000000        60000.0000000       0.0        0.00
  025    UU        30000.0000000        70000.0000000       0.0        0.00
  026    UU        30000.0000000        80000.0000000       0.0        0.00
  027    UU        30000.0000000        90000.0000000       0.0        0.00
  028    UU        40000.0000000        10000.0000000       0.0        0.00
  029    UU        40000.0000000        20000.0000000       0.0        0.00
  030    UU        40000.0000000        30000.0000000       0.0        0.00
  031    UU        40000.0000000        40000.0000000       0.0        0.00
  032    UU        40000.0000000        50000.0000000       0.0        0.00
  033    UU        40000.0000000        60000.0000000       0.0        0.00
  034    UU        40000.0000000        70000.0000000       0.0        0.00
  035    UU        40000.0000000        80000.0000000       0.0        0.00
  036    UU        40000.0000000        90000.0000000       0.0        0.00
  037    UU        50000.0000000        10000.0000000       0.0        0.00
  038    UU        50000.0000000        20000.0000000       0.0        0.00
  039    UU        50000.0000000        30000.0000000       0.0        0.00
  040    UU        50000.0000000        40000.0000000       0.0        0.00
  041    UU        50000.0000000        50000.0000000       0.0        0.00
  042    UU        50000.0000000        60000.0000000       0.0        0.00
  043    UU        50000.0000000        70000.0000000       0.0        0.00
  044    UU        50000.0000000        80000.0000000       0.0        0.00
  045    UU        50000.0000000        90000.0000000       0.0        0.00
  046    UU        60000.0000000        10000.0000000       0.0        0.00
  047    UU        60000.0000000        20000.0000000       0.0        0.00
  048    UU        60000.0000000        30000.0000000       0.0        0.00
  049    UU        60000.0000000        40000.0000000       0.0        0.00
  050    UU        60000.0000000        50000.0000000       0.0        0.00
  051    UU        60000.0000000        60000.0000000       0.0        0.00
  052    UU        60000.0000000        70000.0000000       0.0        0.00
  053    UU        60000.0000000        80000.0000000       0.0        0.00
  054    UU        60000.0000000        90000.0000000       0.0        0.00
  055    UU        70000.0000000        10000.0000000       0.0        0.00
  056    UU        70000.0000000        20000.0000000       0.0        0.00
  057    UU        70000.0000000        30000.0000000       0.0        0.00
  058    UU        70000.0000000        40000.0000000       0.0        0.00
  059    UU        70000.0000000        50000.0000000       0.0        0.00
  060    UU        70000.0000000        60000.0000000       0.0        0.00
  061    UU        70000.0000000        70000.0000000       0.0        0.00
  062    UU        70000.0000000        80000.0000000       0.0        0.00
  063    UU        70000.0000000        90000.0000000       0.0        0.00
  064    UU        80000.0000000        10000.0000000       0.0        0.00
  065    UU        80000.0000000        20000.0000000       0.0        0.00
  066    UU        80000.0000000        30000.0000000       0.0        0.00
  067    UU        80000.0000000        40000.0000000       0.0        0.00
  068    UU        80000.0000000        50000.0000000       0.0        0.00
  069    UU        80000.0000000        60000.0000000       0.0        0.00
  070    UU        80000.0000000        70000.0000000       0.0        0.00
  071    UU        80000.0000000        80000.0000000       0.0        0.00
  072    UU        80000.0000000        90000.0000000       0.0        0.00
  073    UU        90000.0000000        10000.0000000       0.0        0.00
  074    UU        90000.0000000        20000.0000000       0.0        0.00
  075    UU        90000.0000000        30000.0000000       0.0        0.00
  076    UU        90000.0000000        40000.0000000       0.0        0.00
  077    UU        90000.0000000        50000.0000000       0.0        0.00
  078    UU        90000.0000000        60000.0000000       0.0        0.00
  079    UU        90000.0000000        70000.0000000       0.0        0.00
  080    UU        90000.0000000        80000.0000000       0.0        0.00
  081    UU        90000.0000000        90000.0000000       0.0        0.00
