00000    UU        10000.0000000        10000.0000000       0.0        0.00
00001    UU        20000.0000000        10000.0000000       0.0        0.00
00002    UU        30000.0000000        10000.0000000       0.0        0.00
00003    UU        40000.0000000        10000.0000000       0.0        0.00
00004    UU        50000.0000000        10000.0000000       0.0        0.00
00005    UU        60000.0000000        10000.0000000       0.0        0.00
00006    UU        70000.0000000        10000.0000000       0.0        0.00
00007    UU        80000.0000000        10000.0000000       0.0        0.00
00008    UU        90000.0000000        10000.0000000       0.0        0.00
00009    UU       100000.0000000        10000.0000000       0.0        0.00
00010    UU       110000.0000000        10000.0000000       0.0        0.00
00011    UU       120000.0000000        10000.0000000       0.0        0.00
00012    UU       130000.0000000        10000.0000000       0.0        0.00
00013    UU       140000.0000000        10000.0000000       0.0        0.00
00014    UU       150000.0000000        10000.0000000       0.0        0.00
00015    UU       160000.0000000        10000.0000000       0.0        0.00
00016    UU       170000.0000000        10000.0000000       0.0        0.00
00017    UU       180000.0000000        10000.0000000       0.0        0.00
00018    UU       190000.0000000        10000.0000000       0.0        0.00
00019    UU        10000.0000000        20000.0000000       0.0        0.00
00020    UU        20000.0000000        20000.0000000       0.0        0.00
00021    UU        30000.0000000        20000.0000000       0.0        0.00
00022    UU        40000.0000000        20000.0000000       0.0        0.00
00023    UU        50000.0000000        20000.0000000       0.0        0.00
00024    UU        60000.0000000        20000.0000000       0.0        0.00
00025    UU        70000.0000000        20000.0000000       0.0        0.00
00026    UU        80000.0000000        20000.0000000       0.0        0.00
00027    UU        90000.0000000        20000.0000000       0.0        0.00
00028    UU       100000.0000000        20000.0000000       0.0        0.00
00029    UU       110000.0000000        20000.0000000       0.0        0.00
00030    UU       120000.0000000        20000.0000000       0.0        0.00
00031    UU       130000.0000000        20000.0000000       0.0        0.00
00032    UU       140000.0000000        20000.0000000       0.0        0.00
00033    UU       150000.0000000        20000.0000000       0.0        0.00
00034    UU       160000.0000000        20000.0000000       0.0        0.00
00035    UU       170000.0000000        20000.0000000       0.0        0.00
00036    UU       180000.0000000        20000.0000000       0.0        0.00
00037    UU       190000.0000000        20000.0000000       0.0        0.00
00038    UU        10000.0000000        30000.0000000       0.0        0.00
00039    UU        20000.0000000        30000.0000000       0.0        0.00
00040    UU        30000.0000000        30000.0000000       0.0        0.00
00041    UU        40000.0000000        30000.0000000       0.0        0.00
00042    UU        50000.0000000        30000.0000000       0.0        0.00
00043    UU        60000.0000000        30000.0000000       0.0        0.00
00044    UU        70000.0000000        30000.0000000       0.0        0.00
00045    UU        80000.0000000        30000.0000000       0.0        0.00
00046    UU        90000.0000000        30000.0000000       0.0        0.00
00047    UU       100000.0000000        30000.0000000       0.0        0.00
00048    UU       110000.0000000        30000.0000000       0.0        0.00
00049    UU       120000.0000000        30000.0000000       0.0        0.00
00050    UU       130000.0000000        30000.0000000       0.0        0.00
00051    UU       140000.0000000        30000.0000000       0.0        0.00
00052    UU       150000.0000000        30000.0000000       0.0        0.00
00053    UU       160000.0000000        30000.0000000       0.0        0.00
00054    UU       170000.0000000        30000.0000000       0.0        0.00
00055    UU       180000.0000000        30000.0000000       0.0        0.00
00056    UU       190000.0000000        30000.0000000       0.0        0.00
00057    UU        10000.0000000        40000.0000000       0.0        0.00
00058    UU        20000.0000000        40000.0000000       0.0        0.00
00059    UU        30000.0000000        40000.0000000       0.0        0.00
00060    UU        40000.0000000        40000.0000000       0.0        0.00
00061    UU        50000.0000000        40000.0000000       0.0        0.00
00062    UU        60000.0000000        40000.0000000       0.0        0.00
00063    UU        70000.0000000        40000.0000000       0.0        0.00
00064    UU        80000.0000000        40000.0000000       0.0        0.00
00065    UU        90000.0000000        40000.0000000       0.0        0.00
00066    UU       100000.0000000        40000.0000000       0.0        0.00
00067    UU       110000.0000000        40000.0000000       0.0        0.00
00068    UU       120000.0000000        40000.0000000       0.0        0.00
00069    UU       130000.0000000        40000.0000000       0.0        0.00
00070    UU       140000.0000000        40000.0000000       0.0        0.00
00071    UU       150000.0000000        40000.0000000       0.0        0.00
00072    UU       160000.0000000        40000.0000000       0.0        0.00
00073    UU       170000.0000000        40000.0000000       0.0        0.00
00074    UU       180000.0000000        40000.0000000       0.0        0.00
00075    UU       190000.0000000        40000.0000000       0.0        0.00
00076    UU        10000.0000000        50000.0000000       0.0        0.00
00077    UU        20000.0000000        50000.0000000       0.0        0.00
00078    UU        30000.0000000        50000.0000000       0.0        0.00
00079    UU        40000.0000000        50000.0000000       0.0        0.00
00080    UU        50000.0000000        50000.0000000       0.0        0.00
00081    UU        60000.0000000        50000.0000000       0.0        0.00
00082    UU        70000.0000000        50000.0000000       0.0        0.00
00083    UU        80000.0000000        50000.0000000       0.0        0.00
00084    UU        90000.0000000        50000.0000000       0.0        0.00
00085    UU       100000.0000000        50000.0000000       0.0        0.00
00086    UU       110000.0000000        50000.0000000       0.0        0.00
00087    UU       120000.0000000        50000.0000000       0.0        0.00
00088    UU       130000.0000000        50000.0000000       0.0        0.00
00089    UU       140000.0000000        50000.0000000       0.0        0.00
00090    UU       150000.0000000        50000.0000000       0.0        0.00
00091    UU       160000.0000000        50000.0000000       0.0        0.00
00092    UU       170000.0000000        50000.0000000       0.0        0.00
00093    UU       180000.0000000        50000.0000000       0.0        0.00
00094    UU       190000.0000000        50000.0000000       0.0        0.00
00095    UU        10000.0000000        60000.0000000       0.0        0.00
00096    UU        20000.0000000        60000.0000000       0.0        0.00
00097    UU        30000.0000000        60000.0000000       0.0        0.00
00098    UU        40000.0000000        60000.0000000       0.0        0.00
00099    UU        50000.0000000        60000.0000000       0.0        0.00
00100    UU        60000.0000000        60000.0000000       0.0        0.00
00101    UU        70000.0000000        60000.0000000       0.0        0.00
00102    UU        80000.0000000        60000.0000000       0.0        0.00
00103    UU        90000.0000000        60000.0000000       0.0        0.00
00104    UU       100000.0000000        60000.0000000       0.0        0.00
00105    UU       110000.0000000        60000.0000000       0.0        0.00
00106    UU       120000.0000000        60000.0000000       0.0        0.00
00107    UU       130000.0000000        60000.0000000       0.0        0.00
00108    UU       140000.0000000        60000.0000000       0.0        0.00
00109    UU       150000.0000000        60000.0000000       0.0        0.00
00110    UU       160000.0000000        60000.0000000       0.0        0.00
00111    UU       170000.0000000        60000.0000000       0.0        0.00
00112    UU       180000.0000000        60000.0000000       0.0        0.00
00113    UU       190000.0000000        60000.0000000       0.0        0.00
00114    UU        10000.0000000        70000.0000000       0.0        0.00
00115    UU        20000.0000000        70000.0000000       0.0        0.00
00116    UU        30000.0000000        70000.0000000       0.0        0.00
00117    UU        40000.0000000        70000.0000000       0.0        0.00
00118    UU        50000.0000000        70000.0000000       0.0        0.00
00119    UU        60000.0000000        70000.0000000       0.0        0.00
00120    UU        70000.0000000        70000.0000000       0.0        0.00
00121    UU        80000.0000000        70000.0000000       0.0        0.00
00122    UU        90000.0000000        70000.0000000       0.0        0.00
00123    UU       100000.0000000        70000.0000000       0.0        0.00
00124    UU       110000.0000000        70000.0000000       0.0        0.00
00125    UU       120000.0000000        70000.0000000       0.0        0.00
00126    UU       130000.0000000        70000.0000000       0.0        0.00
00127    UU       140000.0000000        70000.0000000       0.0        0.00
00128    UU       150000.0000000        70000.0000000       0.0        0.00
00129    UU       160000.0000000        70000.0000000       0.0        0.00
00130    UU       170000.0000000        70000.0000000       0.0        0.00
00131    UU       180000.0000000        70000.0000000       0.0        0.00
00132    UU       190000.0000000        70000.0000000       0.0        0.00
